Reading: 
0.03   -0.04   1.00
0.03   -0.04   1.00
0.03   -0.04   1.00
0.03   -0.04   1.00
0.03   -0.04   1.00
0.02   -0.04   1.00
0.02   -0.04   1.00
0.03   -0.04   1.00
0.03   -0.04   1.00
0.03   -0.04   1.00
0.03   -0.04   1.00
0.03   -0.04   1.00
0.03   -0.04   1.00
0.02   -0.04   1.00
0.03   -0.04   1.00
0.03   -0.04   1.00
0.03   -0.04   1.00
0.03   -0.04   1.00
0.03   -0.04   1.00
0.02   -0.04   1.00
0.02   -0.04   1.00
0.02   -0.04   1.00
0.03   -0.05   1.00
0.03   -0.04   1.00
Readings taken: 24
Reading Window Done
Printing normalized data:
0.58   0.04   0.21
1.00   0.03   0.95
0.65   0.03   0.95
0.74   0.04   0.84
0.71   0.02   0.89
0.10   0.03   1.00
0.29   0.04   0.89
0.68   0.01   0.89
0.45   0.03   0.89
0.71   0.03   0.58
0.81   0.02   0.00
0.61   0.01   0.32
0.68   0.02   0.16
0.35   0.02   0.79
0.94   0.04   0.53
0.84   0.01   0.84
0.77   0.05   0.84
0.74   0.04   0.42
1.00   0.03   0.79
0.35   0.04   0.84
0.00   0.03   0.53
0.19   0.03   0.74
0.68   0.00   0.58
0.48   0.03   0.68
Input for model done
Invoke Successful
Output for model done
0.44   0.48   0.49
0.48   0.49   0.55
0.49   0.55   0.54
0.55   0.54   0.53
0.54   0.53   0.65
0.53   0.65   0.58
0.65   0.58   0.60
0.58   0.60   0.56
0.60   0.56   0.54
0.56   0.54   0.56
0.54   0.56   0.42
0.56   0.42   0.42
0.42   0.42   0.43
0.42   0.43   0.56
0.43   0.56   0.56
0.56   0.56   0.56
0.56   0.56   0.46
0.56   0.46   0.46
0.46   0.46   0.49
0.46   0.49   0.51
0.49   0.51   0.52
0.51   0.52   0.54
0.52   0.54   0.62
0.54   0.62   0.68
Mean Squared Error: 0.14
Miliseconds: 14931